SubjID x01 x02 x03 x04 x05 x06 x07 x08 x09 x10
1 1 1 1 1 1 1 1 1 1 1
2 1 1 1 1 1 1 1 1 1 2
3 1 1 1 1 1 1 1 1 2 1
4 1 1 1 1 1 1 1 1 2 2
5 1 1 1 1 1 1 1 2 1 1
6 1 1 1 1 1 1 1 2 1 2
7 1 1 1 1 1 1 1 2 2 1
8 1 1 1 1 1 1 1 2 2 2
9 1 1 1 1 1 1 2 1 1 1
10 1 1 1 1 1 1 2 1 1 2
11 1 1 1 1 1 1 2 1 2 1
12 1 1 1 1 1 1 2 1 2 2
13 1 1 1 1 1 1 2 2 1 1
14 1 1 1 1 1 1 2 2 1 2
15 1 1 1 1 1 1 2 2 2 1
16 1 1 1 1 1 1 2 2 2 2
17 1 1 1 1 1 2 1 1 1 1
18 1 1 1 1 1 2 1 1 1 2
19 1 1 1 1 1 2 1 1 2 1
20 1 1 1 1 1 2 1 1 2 2
21 1 1 1 1 1 2 1 2 1 1
22 1 1 1 1 1 2 1 2 1 2
23 1 1 1 1 1 2 1 2 2 1
24 1 1 1 1 1 2 1 2 2 2
25 1 1 1 1 1 2 2 1 1 1
26 1 1 1 1 1 2 2 1 1 2
27 1 1 1 1 1 2 2 1 2 1
28 1 1 1 1 1 2 2 1 2 2
29 1 1 1 1 1 2 2 2 1 1
30 1 1 1 1 1 2 2 2 1 2
31 1 1 1 1 1 2 2 2 2 1
32 1 1 1 1 1 2 2 2 2 2
33 1 1 1 1 2 1 1 1 1 1
34 1 1 1 1 2 1 1 1 1 2
35 1 1 1 1 2 1 1 1 2 1
36 1 1 1 1 2 1 1 1 2 2
37 1 1 1 1 2 1 1 2 1 1
38 1 1 1 1 2 1 1 2 1 2
39 1 1 1 1 2 1 1 2 2 1
40 1 1 1 1 2 1 1 2 2 2
41 1 1 1 1 2 1 2 1 1 1
42 1 1 1 1 2 1 2 1 1 2
43 1 1 1 1 2 1 2 1 2 1
44 1 1 1 1 2 1 2 1 2 2
45 1 1 1 1 2 1 2 2 1 1
46 1 1 1 1 2 1 2 2 1 2
47 1 1 1 1 2 1 2 2 2 1
48 1 1 1 1 2 1 2 2 2 2
49 1 1 1 1 2 2 1 1 1 1
50 1 1 1 1 2 2 1 1 1 2
51 1 1 1 1 2 2 1 1 2 1
52 1 1 1 1 2 2 1 1 2 2
53 1 1 1 1 2 2 1 2 1 1
54 1 1 1 1 2 2 1 2 1 2
55 1 1 1 1 2 2 1 2 2 1
56 1 1 1 1 2 2 1 2 2 2
57 1 1 1 1 2 2 2 1 1 1
58 1 1 1 1 2 2 2 1 1 2
59 1 1 1 1 2 2 2 1 2 1
60 1 1 1 1 2 2 2 1 2 2
61 1 1 1 1 2 2 2 2 1 1
62 1 1 1 1 2 2 2 2 1 2
63 1 1 1 1 2 2 2 2 2 1
64 1 1 1 1 2 2 2 2 2 2
65 1 1 1 2 1 1 1 1 1 1
66 1 1 1 2 1 1 1 1 1 2
67 1 1 1 2 1 1 1 1 2 1
68 1 1 1 2 1 1 1 1 2 2
69 1 1 1 2 1 1 1 2 1 1
70 1 1 1 2 1 1 1 2 1 2
71 1 1 1 2 1 1 1 2 2 1
72 1 1 1 2 1 1 1 2 2 2
73 1 1 1 2 1 1 2 1 1 1
74 1 1 1 2 1 1 2 1 1 2
75 1 1 1 2 1 1 2 1 2 1
76 1 1 1 2 1 1 2 1 2 2
77 1 1 1 2 1 1 2 2 1 1
78 1 1 1 2 1 1 2 2 1 2
79 1 1 1 2 1 1 2 2 2 1
80 1 1 1 2 1 1 2 2 2 2
81 1 1 1 2 1 2 1 1 1 1
82 1 1 1 2 1 2 1 1 1 2
83 1 1 1 2 1 2 1 1 2 1
84 1 1 1 2 1 2 1 1 2 2
85 1 1 1 2 1 2 1 2 1 1
86 1 1 1 2 1 2 1 2 1 2
87 1 1 1 2 1 2 1 2 2 1
88 1 1 1 2 1 2 1 2 2 2
89 1 1 1 2 1 2 2 1 1 1
90 1 1 1 2 1 2 2 1 1 2
91 1 1 1 2 1 2 2 1 2 1
92 1 1 1 2 1 2 2 1 2 2
93 1 1 1 2 1 2 2 2 1 1
94 1 1 1 2 1 2 2 2 1 2
95 1 1 1 2 1 2 2 2 2 1
96 1 1 1 2 1 2 2 2 2 2
97 1 1 1 2 2 1 1 1 1 1
98 1 1 1 2 2 1 1 1 1 2
99 1 1 1 2 2 1 1 1 2 1
100 1 1 1 2 2 1 1 1 2 2
101 1 1 1 2 2 1 1 2 1 1
102 1 1 1 2 2 1 1 2 1 2
103 1 1 1 2 2 1 1 2 2 1
104 1 1 1 2 2 1 1 2 2 2
105 1 1 1 2 2 1 2 1 1 1
106 1 1 1 2 2 1 2 1 1 2
107 1 1 1 2 2 1 2 1 2 1
108 1 1 1 2 2 1 2 1 2 2
109 1 1 1 2 2 1 2 2 1 1
110 1 1 1 2 2 1 2 2 1 2
111 1 1 1 2 2 1 2 2 2 1
112 1 1 1 2 2 1 2 2 2 2
113 1 1 1 2 2 2 1 1 1 1
114 1 1 1 2 2 2 1 1 1 2
115 1 1 1 2 2 2 1 1 2 1
116 1 1 1 2 2 2 1 1 2 2
117 1 1 1 2 2 2 1 2 1 1
118 1 1 1 2 2 2 1 2 1 2
119 1 1 1 2 2 2 1 2 2 1
120 1 1 1 2 2 2 1 2 2 2
121 1 1 1 2 2 2 2 1 1 1
122 1 1 1 2 2 2 2 1 1 2
123 1 1 1 2 2 2 2 1 2 1
124 1 1 1 2 2 2 2 1 2 2
125 1 1 1 2 2 2 2 2 1 1
126 1 1 1 2 2 2 2 2 1 2
127 1 1 1 2 2 2 2 2 2 1
128 1 1 1 2 2 2 2 2 2 2
129 1 1 2 1 1 1 1 1 1 1
130 1 1 2 1 1 1 1 1 1 2
131 1 1 2 1 1 1 1 1 2 1
132 1 1 2 1 1 1 1 1 2 2
133 1 1 2 1 1 1 1 2 1 1
134 1 1 2 1 1 1 1 2 1 2
135 1 1 2 1 1 1 1 2 2 1
136 1 1 2 1 1 1 1 2 2 2
137 1 1 2 1 1 1 2 1 1 1
138 1 1 2 1 1 1 2 1 1 2
139 1 1 2 1 1 1 2 1 2 1
140 1 1 2 1 1 1 2 1 2 2
141 1 1 2 1 1 1 2 2 1 1
142 1 1 2 1 1 1 2 2 1 2
143 1 1 2 1 1 1 2 2 2 1
144 1 1 2 1 1 1 2 2 2 2
145 1 1 2 1 1 2 1 1 1 1
146 1 1 2 1 1 2 1 1 1 2
147 1 1 2 1 1 2 1 1 2 1
148 1 1 2 1 1 2 1 1 2 2
149 1 1 2 1 1 2 1 2 1 1
150 1 1 2 1 1 2 1 2 1 2
151 1 1 2 1 1 2 1 2 2 1
152 1 1 2 1 1 2 1 2 2 2
153 1 1 2 1 1 2 2 1 1 1
154 1 1 2 1 1 2 2 1 1 2
155 1 1 2 1 1 2 2 1 2 1
156 1 1 2 1 1 2 2 1 2 2
157 1 1 2 1 1 2 2 2 1 1
158 1 1 2 1 1 2 2 2 1 2
159 1 1 2 1 1 2 2 2 2 1
160 1 1 2 1 1 2 2 2 2 2
161 1 1 2 1 2 1 1 1 1 1
162 1 1 2 1 2 1 1 1 1 2
163 1 1 2 1 2 1 1 1 2 1
164 1 1 2 1 2 1 1 1 2 2
165 1 1 2 1 2 1 1 2 1 1
166 1 1 2 1 2 1 1 2 1 2
167 1 1 2 1 2 1 1 2 2 1
168 1 1 2 1 2 1 1 2 2 2
169 1 1 2 1 2 1 2 1 1 1
170 1 1 2 1 2 1 2 1 1 2
171 1 1 2 1 2 1 2 1 2 1
172 1 1 2 1 2 1 2 1 2 2
173 1 1 2 1 2 1 2 2 1 1
174 1 1 2 1 2 1 2 2 1 2
175 1 1 2 1 2 1 2 2 2 1
176 1 1 2 1 2 1 2 2 2 2
177 1 1 2 1 2 2 1 1 1 1
178 1 1 2 1 2 2 1 1 1 2
179 1 1 2 1 2 2 1 1 2 1
180 1 1 2 1 2 2 1 1 2 2
181 1 1 2 1 2 2 1 2 1 1
182 1 1 2 1 2 2 1 2 1 2
183 1 1 2 1 2 2 1 2 2 1
184 1 1 2 1 2 2 1 2 2 2
185 1 1 2 1 2 2 2 1 1 1
186 1 1 2 1 2 2 2 1 1 2
187 1 1 2 1 2 2 2 1 2 1
188 1 1 2 1 2 2 2 1 2 2
189 1 1 2 1 2 2 2 2 1 1
190 1 1 2 1 2 2 2 2 1 2
191 1 1 2 1 2 2 2 2 2 1
192 1 1 2 1 2 2 2 2 2 2
193 1 1 2 2 1 1 1 1 1 1
194 1 1 2 2 1 1 1 1 1 2
195 1 1 2 2 1 1 1 1 2 1
196 1 1 2 2 1 1 1 1 2 2
197 1 1 2 2 1 1 1 2 1 1
198 1 1 2 2 1 1 1 2 1 2
199 1 1 2 2 1 1 1 2 2 1
200 1 1 2 2 1 1 1 2 2 2
201 1 1 2 2 1 1 2 1 1 1
202 1 1 2 2 1 1 2 1 1 2
203 1 1 2 2 1 1 2 1 2 1
204 1 1 2 2 1 1 2 1 2 2
205 1 1 2 2 1 1 2 2 1 1
206 1 1 2 2 1 1 2 2 1 2
207 1 1 2 2 1 1 2 2 2 1
208 1 1 2 2 1 1 2 2 2 2
209 1 1 2 2 1 2 1 1 1 1
210 1 1 2 2 1 2 1 1 1 2
211 1 1 2 2 1 2 1 1 2 1
212 1 1 2 2 1 2 1 1 2 2
213 1 1 2 2 1 2 1 2 1 1
214 1 1 2 2 1 2 1 2 1 2
215 1 1 2 2 1 2 1 2 2 1
216 1 1 2 2 1 2 1 2 2 2
217 1 1 2 2 1 2 2 1 1 1
218 1 1 2 2 1 2 2 1 1 2
219 1 1 2 2 1 2 2 1 2 1
220 1 1 2 2 1 2 2 1 2 2
221 1 1 2 2 1 2 2 2 1 1
222 1 1 2 2 1 2 2 2 1 2
223 1 1 2 2 1 2 2 2 2 1
224 1 1 2 2 1 2 2 2 2 2
225 1 1 2 2 2 1 1 1 1 1
226 1 1 2 2 2 1 1 1 1 2
227 1 1 2 2 2 1 1 1 2 1
228 1 1 2 2 2 1 1 1 2 2
229 1 1 2 2 2 1 1 2 1 1
230 1 1 2 2 2 1 1 2 1 2
231 1 1 2 2 2 1 1 2 2 1
232 1 1 2 2 2 1 1 2 2 2
233 1 1 2 2 2 1 2 1 1 1
234 1 1 2 2 2 1 2 1 1 2
235 1 1 2 2 2 1 2 1 2 1
236 1 1 2 2 2 1 2 1 2 2
237 1 1 2 2 2 1 2 2 1 1
238 1 1 2 2 2 1 2 2 1 2
239 1 1 2 2 2 1 2 2 2 1
240 1 1 2 2 2 1 2 2 2 2
241 1 1 2 2 2 2 1 1 1 1
242 1 1 2 2 2 2 1 1 1 2
243 1 1 2 2 2 2 1 1 2 1
244 1 1 2 2 2 2 1 1 2 2
245 1 1 2 2 2 2 1 2 1 1
246 1 1 2 2 2 2 1 2 1 2
247 1 1 2 2 2 2 1 2 2 1
248 1 1 2 2 2 2 1 2 2 2
249 1 1 2 2 2 2 2 1 1 1
250 1 1 2 2 2 2 2 1 1 2
251 1 1 2 2 2 2 2 1 2 1
252 1 1 2 2 2 2 2 1 2 2
253 1 1 2 2 2 2 2 2 1 1
254 1 1 2 2 2 2 2 2 1 2
255 1 1 2 2 2 2 2 2 2 1
256 1 1 2 2 2 2 2 2 2 2
257 1 2 1 1 1 1 1 1 1 1
258 1 2 1 1 1 1 1 1 1 2
259 1 2 1 1 1 1 1 1 2 1
260 1 2 1 1 1 1 1 1 2 2
261 1 2 1 1 1 1 1 2 1 1
262 1 2 1 1 1 1 1 2 1 2
263 1 2 1 1 1 1 1 2 2 1
264 1 2 1 1 1 1 1 2 2 2
265 1 2 1 1 1 1 2 1 1 1
266 1 2 1 1 1 1 2 1 1 2
267 1 2 1 1 1 1 2 1 2 1
268 1 2 1 1 1 1 2 1 2 2
269 1 2 1 1 1 1 2 2 1 1
270 1 2 1 1 1 1 2 2 1 2
271 1 2 1 1 1 1 2 2 2 1
272 1 2 1 1 1 1 2 2 2 2
273 1 2 1 1 1 2 1 1 1 1
274 1 2 1 1 1 2 1 1 1 2
275 1 2 1 1 1 2 1 1 2 1
276 1 2 1 1 1 2 1 1 2 2
277 1 2 1 1 1 2 1 2 1 1
278 1 2 1 1 1 2 1 2 1 2
279 1 2 1 1 1 2 1 2 2 1
280 1 2 1 1 1 2 1 2 2 2
281 1 2 1 1 1 2 2 1 1 1
282 1 2 1 1 1 2 2 1 1 2
283 1 2 1 1 1 2 2 1 2 1
284 1 2 1 1 1 2 2 1 2 2
285 1 2 1 1 1 2 2 2 1 1
286 1 2 1 1 1 2 2 2 1 2
287 1 2 1 1 1 2 2 2 2 1
288 1 2 1 1 1 2 2 2 2 2
289 1 2 1 1 2 1 1 1 1 1
290 1 2 1 1 2 1 1 1 1 2
291 1 2 1 1 2 1 1 1 2 1
292 1 2 1 1 2 1 1 1 2 2
293 1 2 1 1 2 1 1 2 1 1
294 1 2 1 1 2 1 1 2 1 2
295 1 2 1 1 2 1 1 2 2 1
296 1 2 1 1 2 1 1 2 2 2
297 1 2 1 1 2 1 2 1 1 1
298 1 2 1 1 2 1 2 1 1 2
299 1 2 1 1 2 1 2 1 2 1
300 1 2 1 1 2 1 2 1 2 2
301 1 2 1 1 2 1 2 2 1 1
302 1 2 1 1 2 1 2 2 1 2
303 1 2 1 1 2 1 2 2 2 1
304 1 2 1 1 2 1 2 2 2 2
305 1 2 1 1 2 2 1 1 1 1
306 1 2 1 1 2 2 1 1 1 2
307 1 2 1 1 2 2 1 1 2 1
308 1 2 1 1 2 2 1 1 2 2
309 1 2 1 1 2 2 1 2 1 1
310 1 2 1 1 2 2 1 2 1 2
311 1 2 1 1 2 2 1 2 2 1
312 1 2 1 1 2 2 1 2 2 2
313 1 2 1 1 2 2 2 1 1 1
314 1 2 1 1 2 2 2 1 1 2
315 1 2 1 1 2 2 2 1 2 1
316 1 2 1 1 2 2 2 1 2 2
317 1 2 1 1 2 2 2 2 1 1
318 1 2 1 1 2 2 2 2 1 2
319 1 2 1 1 2 2 2 2 2 1
320 1 2 1 1 2 2 2 2 2 2
321 1 2 1 2 1 1 1 1 1 1
322 1 2 1 2 1 1 1 1 1 2
323 1 2 1 2 1 1 1 1 2 1
324 1 2 1 2 1 1 1 1 2 2
325 1 2 1 2 1 1 1 2 1 1
326 1 2 1 2 1 1 1 2 1 2
327 1 2 1 2 1 1 1 2 2 1
328 1 2 1 2 1 1 1 2 2 2
329 1 2 1 2 1 1 2 1 1 1
330 1 2 1 2 1 1 2 1 1 2
331 1 2 1 2 1 1 2 1 2 1
332 1 2 1 2 1 1 2 1 2 2
333 1 2 1 2 1 1 2 2 1 1
334 1 2 1 2 1 1 2 2 1 2
335 1 2 1 2 1 1 2 2 2 1
336 1 2 1 2 1 1 2 2 2 2
337 1 2 1 2 1 2 1 1 1 1
338 1 2 1 2 1 2 1 1 1 2
339 1 2 1 2 1 2 1 1 2 1
340 1 2 1 2 1 2 1 1 2 2
341 1 2 1 2 1 2 1 2 1 1
342 1 2 1 2 1 2 1 2 1 2
343 1 2 1 2 1 2 1 2 2 1
344 1 2 1 2 1 2 1 2 2 2
345 1 2 1 2 1 2 2 1 1 1
346 1 2 1 2 1 2 2 1 1 2
347 1 2 1 2 1 2 2 1 2 1
348 1 2 1 2 1 2 2 1 2 2
349 1 2 1 2 1 2 2 2 1 1
350 1 2 1 2 1 2 2 2 1 2
351 1 2 1 2 1 2 2 2 2 1
352 1 2 1 2 1 2 2 2 2 2
353 1 2 1 2 2 1 1 1 1 1
354 1 2 1 2 2 1 1 1 1 2
355 1 2 1 2 2 1 1 1 2 1
356 1 2 1 2 2 1 1 1 2 2
357 1 2 1 2 2 1 1 2 1 1
358 1 2 1 2 2 1 1 2 1 2
359 1 2 1 2 2 1 1 2 2 1
360 1 2 1 2 2 1 1 2 2 2
361 1 2 1 2 2 1 2 1 1 1
362 1 2 1 2 2 1 2 1 1 2
363 1 2 1 2 2 1 2 1 2 1
364 1 2 1 2 2 1 2 1 2 2
365 1 2 1 2 2 1 2 2 1 1
366 1 2 1 2 2 1 2 2 1 2
367 1 2 1 2 2 1 2 2 2 1
368 1 2 1 2 2 1 2 2 2 2
369 1 2 1 2 2 2 1 1 1 1
370 1 2 1 2 2 2 1 1 1 2
371 1 2 1 2 2 2 1 1 2 1
372 1 2 1 2 2 2 1 1 2 2
373 1 2 1 2 2 2 1 2 1 1
374 1 2 1 2 2 2 1 2 1 2
375 1 2 1 2 2 2 1 2 2 1
376 1 2 1 2 2 2 1 2 2 2
377 1 2 1 2 2 2 2 1 1 1
378 1 2 1 2 2 2 2 1 1 2
379 1 2 1 2 2 2 2 1 2 1
380 1 2 1 2 2 2 2 1 2 2
381 1 2 1 2 2 2 2 2 1 1
382 1 2 1 2 2 2 2 2 1 2
383 1 2 1 2 2 2 2 2 2 1
384 1 2 1 2 2 2 2 2 2 2
385 1 2 2 1 1 1 1 1 1 1
386 1 2 2 1 1 1 1 1 1 2
387 1 2 2 1 1 1 1 1 2 1
388 1 2 2 1 1 1 1 1 2 2
389 1 2 2 1 1 1 1 2 1 1
390 1 2 2 1 1 1 1 2 1 2
391 1 2 2 1 1 1 1 2 2 1
392 1 2 2 1 1 1 1 2 2 2
393 1 2 2 1 1 1 2 1 1 1
394 1 2 2 1 1 1 2 1 1 2
395 1 2 2 1 1 1 2 1 2 1
396 1 2 2 1 1 1 2 1 2 2
397 1 2 2 1 1 1 2 2 1 1
398 1 2 2 1 1 1 2 2 1 2
399 1 2 2 1 1 1 2 2 2 1
400 1 2 2 1 1 1 2 2 2 2
401 1 2 2 1 1 2 1 1 1 1
402 1 2 2 1 1 2 1 1 1 2
403 1 2 2 1 1 2 1 1 2 1
404 1 2 2 1 1 2 1 1 2 2
405 1 2 2 1 1 2 1 2 1 1
406 1 2 2 1 1 2 1 2 1 2
407 1 2 2 1 1 2 1 2 2 1
408 1 2 2 1 1 2 1 2 2 2
409 1 2 2 1 1 2 2 1 1 1
410 1 2 2 1 1 2 2 1 1 2
411 1 2 2 1 1 2 2 1 2 1
412 1 2 2 1 1 2 2 1 2 2
413 1 2 2 1 1 2 2 2 1 1
414 1 2 2 1 1 2 2 2 1 2
415 1 2 2 1 1 2 2 2 2 1
416 1 2 2 1 1 2 2 2 2 2
417 1 2 2 1 2 1 1 1 1 1
418 1 2 2 1 2 1 1 1 1 2
419 1 2 2 1 2 1 1 1 2 1
420 1 2 2 1 2 1 1 1 2 2
421 1 2 2 1 2 1 1 2 1 1
422 1 2 2 1 2 1 1 2 1 2
423 1 2 2 1 2 1 1 2 2 1
424 1 2 2 1 2 1 1 2 2 2
425 1 2 2 1 2 1 2 1 1 1
426 1 2 2 1 2 1 2 1 1 2
427 1 2 2 1 2 1 2 1 2 1
428 1 2 2 1 2 1 2 1 2 2
429 1 2 2 1 2 1 2 2 1 1
430 1 2 2 1 2 1 2 2 1 2
431 1 2 2 1 2 1 2 2 2 1
432 1 2 2 1 2 1 2 2 2 2
433 1 2 2 1 2 2 1 1 1 1
434 1 2 2 1 2 2 1 1 1 2
435 1 2 2 1 2 2 1 1 2 1
436 1 2 2 1 2 2 1 1 2 2
437 1 2 2 1 2 2 1 2 1 1
438 1 2 2 1 2 2 1 2 1 2
439 1 2 2 1 2 2 1 2 2 1
440 1 2 2 1 2 2 1 2 2 2
441 1 2 2 1 2 2 2 1 1 1
442 1 2 2 1 2 2 2 1 1 2
443 1 2 2 1 2 2 2 1 2 1
444 1 2 2 1 2 2 2 1 2 2
445 1 2 2 1 2 2 2 2 1 1
446 1 2 2 1 2 2 2 2 1 2
447 1 2 2 1 2 2 2 2 2 1
448 1 2 2 1 2 2 2 2 2 2
449 1 2 2 2 1 1 1 1 1 1
450 1 2 2 2 1 1 1 1 1 2
451 1 2 2 2 1 1 1 1 2 1
452 1 2 2 2 1 1 1 1 2 2
453 1 2 2 2 1 1 1 2 1 1
454 1 2 2 2 1 1 1 2 1 2
455 1 2 2 2 1 1 1 2 2 1
456 1 2 2 2 1 1 1 2 2 2
457 1 2 2 2 1 1 2 1 1 1
458 1 2 2 2 1 1 2 1 1 2
459 1 2 2 2 1 1 2 1 2 1
460 1 2 2 2 1 1 2 1 2 2
461 1 2 2 2 1 1 2 2 1 1
462 1 2 2 2 1 1 2 2 1 2
463 1 2 2 2 1 1 2 2 2 1
464 1 2 2 2 1 1 2 2 2 2
465 1 2 2 2 1 2 1 1 1 1
466 1 2 2 2 1 2 1 1 1 2
467 1 2 2 2 1 2 1 1 2 1
468 1 2 2 2 1 2 1 1 2 2
469 1 2 2 2 1 2 1 2 1 1
470 1 2 2 2 1 2 1 2 1 2
471 1 2 2 2 1 2 1 2 2 1
472 1 2 2 2 1 2 1 2 2 2
473 1 2 2 2 1 2 2 1 1 1
474 1 2 2 2 1 2 2 1 1 2
475 1 2 2 2 1 2 2 1 2 1
476 1 2 2 2 1 2 2 1 2 2
477 1 2 2 2 1 2 2 2 1 1
478 1 2 2 2 1 2 2 2 1 2
479 1 2 2 2 1 2 2 2 2 1
480 1 2 2 2 1 2 2 2 2 2
481 1 2 2 2 2 1 1 1 1 1
482 1 2 2 2 2 1 1 1 1 2
483 1 2 2 2 2 1 1 1 2 1
484 1 2 2 2 2 1 1 1 2 2
485 1 2 2 2 2 1 1 2 1 1
486 1 2 2 2 2 1 1 2 1 2
487 1 2 2 2 2 1 1 2 2 1
488 1 2 2 2 2 1 1 2 2 2
489 1 2 2 2 2 1 2 1 1 1
490 1 2 2 2 2 1 2 1 1 2
491 1 2 2 2 2 1 2 1 2 1
492 1 2 2 2 2 1 2 1 2 2
493 1 2 2 2 2 1 2 2 1 1
494 1 2 2 2 2 1 2 2 1 2
495 1 2 2 2 2 1 2 2 2 1
496 1 2 2 2 2 1 2 2 2 2
497 1 2 2 2 2 2 1 1 1 1
498 1 2 2 2 2 2 1 1 1 2
499 1 2 2 2 2 2 1 1 2 1
500 1 2 2 2 2 2 1 1 2 2
501 1 2 2 2 2 2 1 2 1 1
502 1 2 2 2 2 2 1 2 1 2
503 1 2 2 2 2 2 1 2 2 1
504 1 2 2 2 2 2 1 2 2 2
505 1 2 2 2 2 2 2 1 1 1
506 1 2 2 2 2 2 2 1 1 2
507 1 2 2 2 2 2 2 1 2 1
508 1 2 2 2 2 2 2 1 2 2
509 1 2 2 2 2 2 2 2 1 1
510 1 2 2 2 2 2 2 2 1 2
511 1 2 2 2 2 2 2 2 2 1
512 1 2 2 2 2 2 2 2 2 2
513 2 1 1 1 1 1 1 1 1 1
514 2 1 1 1 1 1 1 1 1 2
515 2 1 1 1 1 1 1 1 2 1
516 2 1 1 1 1 1 1 1 2 2
517 2 1 1 1 1 1 1 2 1 1
518 2 1 1 1 1 1 1 2 1 2
519 2 1 1 1 1 1 1 2 2 1
520 2 1 1 1 1 1 1 2 2 2
521 2 1 1 1 1 1 2 1 1 1
522 2 1 1 1 1 1 2 1 1 2
523 2 1 1 1 1 1 2 1 2 1
524 2 1 1 1 1 1 2 1 2 2
525 2 1 1 1 1 1 2 2 1 1
526 2 1 1 1 1 1 2 2 1 2
527 2 1 1 1 1 1 2 2 2 1
528 2 1 1 1 1 1 2 2 2 2
529 2 1 1 1 1 2 1 1 1 1
530 2 1 1 1 1 2 1 1 1 2
531 2 1 1 1 1 2 1 1 2 1
532 2 1 1 1 1 2 1 1 2 2
533 2 1 1 1 1 2 1 2 1 1
534 2 1 1 1 1 2 1 2 1 2
535 2 1 1 1 1 2 1 2 2 1
536 2 1 1 1 1 2 1 2 2 2
537 2 1 1 1 1 2 2 1 1 1
538 2 1 1 1 1 2 2 1 1 2
539 2 1 1 1 1 2 2 1 2 1
540 2 1 1 1 1 2 2 1 2 2
541 2 1 1 1 1 2 2 2 1 1
542 2 1 1 1 1 2 2 2 1 2
543 2 1 1 1 1 2 2 2 2 1
544 2 1 1 1 1 2 2 2 2 2
545 2 1 1 1 2 1 1 1 1 1
546 2 1 1 1 2 1 1 1 1 2
547 2 1 1 1 2 1 1 1 2 1
548 2 1 1 1 2 1 1 1 2 2
549 2 1 1 1 2 1 1 2 1 1
550 2 1 1 1 2 1 1 2 1 2
551 2 1 1 1 2 1 1 2 2 1
552 2 1 1 1 2 1 1 2 2 2
553 2 1 1 1 2 1 2 1 1 1
554 2 1 1 1 2 1 2 1 1 2
555 2 1 1 1 2 1 2 1 2 1
556 2 1 1 1 2 1 2 1 2 2
557 2 1 1 1 2 1 2 2 1 1
558 2 1 1 1 2 1 2 2 1 2
559 2 1 1 1 2 1 2 2 2 1
560 2 1 1 1 2 1 2 2 2 2
561 2 1 1 1 2 2 1 1 1 1
562 2 1 1 1 2 2 1 1 1 2
563 2 1 1 1 2 2 1 1 2 1
564 2 1 1 1 2 2 1 1 2 2
565 2 1 1 1 2 2 1 2 1 1
566 2 1 1 1 2 2 1 2 1 2
567 2 1 1 1 2 2 1 2 2 1
568 2 1 1 1 2 2 1 2 2 2
569 2 1 1 1 2 2 2 1 1 1
570 2 1 1 1 2 2 2 1 1 2
571 2 1 1 1 2 2 2 1 2 1
572 2 1 1 1 2 2 2 1 2 2
573 2 1 1 1 2 2 2 2 1 1
574 2 1 1 1 2 2 2 2 1 2
575 2 1 1 1 2 2 2 2 2 1
576 2 1 1 1 2 2 2 2 2 2
577 2 1 1 2 1 1 1 1 1 1
578 2 1 1 2 1 1 1 1 1 2
579 2 1 1 2 1 1 1 1 2 1
580 2 1 1 2 1 1 1 1 2 2
581 2 1 1 2 1 1 1 2 1 1
582 2 1 1 2 1 1 1 2 1 2
583 2 1 1 2 1 1 1 2 2 1
584 2 1 1 2 1 1 1 2 2 2
585 2 1 1 2 1 1 2 1 1 1
586 2 1 1 2 1 1 2 1 1 2
587 2 1 1 2 1 1 2 1 2 1
588 2 1 1 2 1 1 2 1 2 2
589 2 1 1 2 1 1 2 2 1 1
590 2 1 1 2 1 1 2 2 1 2
591 2 1 1 2 1 1 2 2 2 1
592 2 1 1 2 1 1 2 2 2 2
593 2 1 1 2 1 2 1 1 1 1
594 2 1 1 2 1 2 1 1 1 2
595 2 1 1 2 1 2 1 1 2 1
596 2 1 1 2 1 2 1 1 2 2
597 2 1 1 2 1 2 1 2 1 1
598 2 1 1 2 1 2 1 2 1 2
599 2 1 1 2 1 2 1 2 2 1
600 2 1 1 2 1 2 1 2 2 2
601 2 1 1 2 1 2 2 1 1 1
602 2 1 1 2 1 2 2 1 1 2
603 2 1 1 2 1 2 2 1 2 1
604 2 1 1 2 1 2 2 1 2 2
605 2 1 1 2 1 2 2 2 1 1
606 2 1 1 2 1 2 2 2 1 2
607 2 1 1 2 1 2 2 2 2 1
608 2 1 1 2 1 2 2 2 2 2
609 2 1 1 2 2 1 1 1 1 1
610 2 1 1 2 2 1 1 1 1 2
611 2 1 1 2 2 1 1 1 2 1
612 2 1 1 2 2 1 1 1 2 2
613 2 1 1 2 2 1 1 2 1 1
614 2 1 1 2 2 1 1 2 1 2
615 2 1 1 2 2 1 1 2 2 1
616 2 1 1 2 2 1 1 2 2 2
617 2 1 1 2 2 1 2 1 1 1
618 2 1 1 2 2 1 2 1 1 2
619 2 1 1 2 2 1 2 1 2 1
620 2 1 1 2 2 1 2 1 2 2
621 2 1 1 2 2 1 2 2 1 1
622 2 1 1 2 2 1 2 2 1 2
623 2 1 1 2 2 1 2 2 2 1
624 2 1 1 2 2 1 2 2 2 2
625 2 1 1 2 2 2 1 1 1 1
626 2 1 1 2 2 2 1 1 1 2
627 2 1 1 2 2 2 1 1 2 1
628 2 1 1 2 2 2 1 1 2 2
629 2 1 1 2 2 2 1 2 1 1
630 2 1 1 2 2 2 1 2 1 2
631 2 1 1 2 2 2 1 2 2 1
632 2 1 1 2 2 2 1 2 2 2
633 2 1 1 2 2 2 2 1 1 1
634 2 1 1 2 2 2 2 1 1 2
635 2 1 1 2 2 2 2 1 2 1
636 2 1 1 2 2 2 2 1 2 2
637 2 1 1 2 2 2 2 2 1 1
638 2 1 1 2 2 2 2 2 1 2
639 2 1 1 2 2 2 2 2 2 1
640 2 1 1 2 2 2 2 2 2 2
641 2 1 2 1 1 1 1 1 1 1
642 2 1 2 1 1 1 1 1 1 2
643 2 1 2 1 1 1 1 1 2 1
644 2 1 2 1 1 1 1 1 2 2
645 2 1 2 1 1 1 1 2 1 1
646 2 1 2 1 1 1 1 2 1 2
647 2 1 2 1 1 1 1 2 2 1
648 2 1 2 1 1 1 1 2 2 2
649 2 1 2 1 1 1 2 1 1 1
650 2 1 2 1 1 1 2 1 1 2
651 2 1 2 1 1 1 2 1 2 1
652 2 1 2 1 1 1 2 1 2 2
653 2 1 2 1 1 1 2 2 1 1
654 2 1 2 1 1 1 2 2 1 2
655 2 1 2 1 1 1 2 2 2 1
656 2 1 2 1 1 1 2 2 2 2
657 2 1 2 1 1 2 1 1 1 1
658 2 1 2 1 1 2 1 1 1 2
659 2 1 2 1 1 2 1 1 2 1
660 2 1 2 1 1 2 1 1 2 2
661 2 1 2 1 1 2 1 2 1 1
662 2 1 2 1 1 2 1 2 1 2
663 2 1 2 1 1 2 1 2 2 1
664 2 1 2 1 1 2 1 2 2 2
665 2 1 2 1 1 2 2 1 1 1
666 2 1 2 1 1 2 2 1 1 2
667 2 1 2 1 1 2 2 1 2 1
668 2 1 2 1 1 2 2 1 2 2
669 2 1 2 1 1 2 2 2 1 1
670 2 1 2 1 1 2 2 2 1 2
671 2 1 2 1 1 2 2 2 2 1
672 2 1 2 1 1 2 2 2 2 2
673 2 1 2 1 2 1 1 1 1 1
674 2 1 2 1 2 1 1 1 1 2
675 2 1 2 1 2 1 1 1 2 1
676 2 1 2 1 2 1 1 1 2 2
677 2 1 2 1 2 1 1 2 1 1
678 2 1 2 1 2 1 1 2 1 2
679 2 1 2 1 2 1 1 2 2 1
680 2 1 2 1 2 1 1 2 2 2
681 2 1 2 1 2 1 2 1 1 1
682 2 1 2 1 2 1 2 1 1 2
683 2 1 2 1 2 1 2 1 2 1
684 2 1 2 1 2 1 2 1 2 2
685 2 1 2 1 2 1 2 2 1 1
686 2 1 2 1 2 1 2 2 1 2
687 2 1 2 1 2 1 2 2 2 1
688 2 1 2 1 2 1 2 2 2 2
689 2 1 2 1 2 2 1 1 1 1
690 2 1 2 1 2 2 1 1 1 2
691 2 1 2 1 2 2 1 1 2 1
692 2 1 2 1 2 2 1 1 2 2
693 2 1 2 1 2 2 1 2 1 1
694 2 1 2 1 2 2 1 2 1 2
695 2 1 2 1 2 2 1 2 2 1
696 2 1 2 1 2 2 1 2 2 2
697 2 1 2 1 2 2 2 1 1 1
698 2 1 2 1 2 2 2 1 1 2
699 2 1 2 1 2 2 2 1 2 1
700 2 1 2 1 2 2 2 1 2 2
701 2 1 2 1 2 2 2 2 1 1
702 2 1 2 1 2 2 2 2 1 2
703 2 1 2 1 2 2 2 2 2 1
704 2 1 2 1 2 2 2 2 2 2
705 2 1 2 2 1 1 1 1 1 1
706 2 1 2 2 1 1 1 1 1 2
707 2 1 2 2 1 1 1 1 2 1
708 2 1 2 2 1 1 1 1 2 2
709 2 1 2 2 1 1 1 2 1 1
710 2 1 2 2 1 1 1 2 1 2
711 2 1 2 2 1 1 1 2 2 1
712 2 1 2 2 1 1 1 2 2 2
713 2 1 2 2 1 1 2 1 1 1
714 2 1 2 2 1 1 2 1 1 2
715 2 1 2 2 1 1 2 1 2 1
716 2 1 2 2 1 1 2 1 2 2
717 2 1 2 2 1 1 2 2 1 1
718 2 1 2 2 1 1 2 2 1 2
719 2 1 2 2 1 1 2 2 2 1
720 2 1 2 2 1 1 2 2 2 2
721 2 1 2 2 1 2 1 1 1 1
722 2 1 2 2 1 2 1 1 1 2
723 2 1 2 2 1 2 1 1 2 1
724 2 1 2 2 1 2 1 1 2 2
725 2 1 2 2 1 2 1 2 1 1
726 2 1 2 2 1 2 1 2 1 2
727 2 1 2 2 1 2 1 2 2 1
728 2 1 2 2 1 2 1 2 2 2
729 2 1 2 2 1 2 2 1 1 1
730 2 1 2 2 1 2 2 1 1 2
731 2 1 2 2 1 2 2 1 2 1
732 2 1 2 2 1 2 2 1 2 2
733 2 1 2 2 1 2 2 2 1 1
734 2 1 2 2 1 2 2 2 1 2
735 2 1 2 2 1 2 2 2 2 1
736 2 1 2 2 1 2 2 2 2 2
737 2 1 2 2 2 1 1 1 1 1
738 2 1 2 2 2 1 1 1 1 2
739 2 1 2 2 2 1 1 1 2 1
740 2 1 2 2 2 1 1 1 2 2
741 2 1 2 2 2 1 1 2 1 1
742 2 1 2 2 2 1 1 2 1 2
743 2 1 2 2 2 1 1 2 2 1
744 2 1 2 2 2 1 1 2 2 2
745 2 1 2 2 2 1 2 1 1 1
746 2 1 2 2 2 1 2 1 1 2
747 2 1 2 2 2 1 2 1 2 1
748 2 1 2 2 2 1 2 1 2 2
749 2 1 2 2 2 1 2 2 1 1
750 2 1 2 2 2 1 2 2 1 2
751 2 1 2 2 2 1 2 2 2 1
752 2 1 2 2 2 1 2 2 2 2
753 2 1 2 2 2 2 1 1 1 1
754 2 1 2 2 2 2 1 1 1 2
755 2 1 2 2 2 2 1 1 2 1
756 2 1 2 2 2 2 1 1 2 2
757 2 1 2 2 2 2 1 2 1 1
758 2 1 2 2 2 2 1 2 1 2
759 2 1 2 2 2 2 1 2 2 1
760 2 1 2 2 2 2 1 2 2 2
761 2 1 2 2 2 2 2 1 1 1
762 2 1 2 2 2 2 2 1 1 2
763 2 1 2 2 2 2 2 1 2 1
764 2 1 2 2 2 2 2 1 2 2
765 2 1 2 2 2 2 2 2 1 1
766 2 1 2 2 2 2 2 2 1 2
767 2 1 2 2 2 2 2 2 2 1
768 2 1 2 2 2 2 2 2 2 2
769 2 2 1 1 1 1 1 1 1 1
770 2 2 1 1 1 1 1 1 1 2
771 2 2 1 1 1 1 1 1 2 1
772 2 2 1 1 1 1 1 1 2 2
773 2 2 1 1 1 1 1 2 1 1
774 2 2 1 1 1 1 1 2 1 2
775 2 2 1 1 1 1 1 2 2 1
776 2 2 1 1 1 1 1 2 2 2
777 2 2 1 1 1 1 2 1 1 1
778 2 2 1 1 1 1 2 1 1 2
779 2 2 1 1 1 1 2 1 2 1
780 2 2 1 1 1 1 2 1 2 2
781 2 2 1 1 1 1 2 2 1 1
782 2 2 1 1 1 1 2 2 1 2
783 2 2 1 1 1 1 2 2 2 1
784 2 2 1 1 1 1 2 2 2 2
785 2 2 1 1 1 2 1 1 1 1
786 2 2 1 1 1 2 1 1 1 2
787 2 2 1 1 1 2 1 1 2 1
788 2 2 1 1 1 2 1 1 2 2
789 2 2 1 1 1 2 1 2 1 1
790 2 2 1 1 1 2 1 2 1 2
791 2 2 1 1 1 2 1 2 2 1
792 2 2 1 1 1 2 1 2 2 2
793 2 2 1 1 1 2 2 1 1 1
794 2 2 1 1 1 2 2 1 1 2
795 2 2 1 1 1 2 2 1 2 1
796 2 2 1 1 1 2 2 1 2 2
797 2 2 1 1 1 2 2 2 1 1
798 2 2 1 1 1 2 2 2 1 2
799 2 2 1 1 1 2 2 2 2 1
800 2 2 1 1 1 2 2 2 2 2
801 2 2 1 1 2 1 1 1 1 1
802 2 2 1 1 2 1 1 1 1 2
803 2 2 1 1 2 1 1 1 2 1
804 2 2 1 1 2 1 1 1 2 2
805 2 2 1 1 2 1 1 2 1 1
806 2 2 1 1 2 1 1 2 1 2
807 2 2 1 1 2 1 1 2 2 1
808 2 2 1 1 2 1 1 2 2 2
809 2 2 1 1 2 1 2 1 1 1
810 2 2 1 1 2 1 2 1 1 2
811 2 2 1 1 2 1 2 1 2 1
812 2 2 1 1 2 1 2 1 2 2
813 2 2 1 1 2 1 2 2 1 1
814 2 2 1 1 2 1 2 2 1 2
815 2 2 1 1 2 1 2 2 2 1
816 2 2 1 1 2 1 2 2 2 2
817 2 2 1 1 2 2 1 1 1 1
818 2 2 1 1 2 2 1 1 1 2
819 2 2 1 1 2 2 1 1 2 1
820 2 2 1 1 2 2 1 1 2 2
821 2 2 1 1 2 2 1 2 1 1
822 2 2 1 1 2 2 1 2 1 2
823 2 2 1 1 2 2 1 2 2 1
824 2 2 1 1 2 2 1 2 2 2
825 2 2 1 1 2 2 2 1 1 1
826 2 2 1 1 2 2 2 1 1 2
827 2 2 1 1 2 2 2 1 2 1
828 2 2 1 1 2 2 2 1 2 2
829 2 2 1 1 2 2 2 2 1 1
830 2 2 1 1 2 2 2 2 1 2
831 2 2 1 1 2 2 2 2 2 1
832 2 2 1 1 2 2 2 2 2 2
833 2 2 1 2 1 1 1 1 1 1
834 2 2 1 2 1 1 1 1 1 2
835 2 2 1 2 1 1 1 1 2 1
836 2 2 1 2 1 1 1 1 2 2
837 2 2 1 2 1 1 1 2 1 1
838 2 2 1 2 1 1 1 2 1 2
839 2 2 1 2 1 1 1 2 2 1
840 2 2 1 2 1 1 1 2 2 2
841 2 2 1 2 1 1 2 1 1 1
842 2 2 1 2 1 1 2 1 1 2
843 2 2 1 2 1 1 2 1 2 1
844 2 2 1 2 1 1 2 1 2 2
845 2 2 1 2 1 1 2 2 1 1
846 2 2 1 2 1 1 2 2 1 2
847 2 2 1 2 1 1 2 2 2 1
848 2 2 1 2 1 1 2 2 2 2
849 2 2 1 2 1 2 1 1 1 1
850 2 2 1 2 1 2 1 1 1 2
851 2 2 1 2 1 2 1 1 2 1
852 2 2 1 2 1 2 1 1 2 2
853 2 2 1 2 1 2 1 2 1 1
854 2 2 1 2 1 2 1 2 1 2
855 2 2 1 2 1 2 1 2 2 1
856 2 2 1 2 1 2 1 2 2 2
857 2 2 1 2 1 2 2 1 1 1
858 2 2 1 2 1 2 2 1 1 2
859 2 2 1 2 1 2 2 1 2 1
860 2 2 1 2 1 2 2 1 2 2
861 2 2 1 2 1 2 2 2 1 1
862 2 2 1 2 1 2 2 2 1 2
863 2 2 1 2 1 2 2 2 2 1
864 2 2 1 2 1 2 2 2 2 2
865 2 2 1 2 2 1 1 1 1 1
866 2 2 1 2 2 1 1 1 1 2
867 2 2 1 2 2 1 1 1 2 1
868 2 2 1 2 2 1 1 1 2 2
869 2 2 1 2 2 1 1 2 1 1
870 2 2 1 2 2 1 1 2 1 2
871 2 2 1 2 2 1 1 2 2 1
872 2 2 1 2 2 1 1 2 2 2
873 2 2 1 2 2 1 2 1 1 1
874 2 2 1 2 2 1 2 1 1 2
875 2 2 1 2 2 1 2 1 2 1
876 2 2 1 2 2 1 2 1 2 2
877 2 2 1 2 2 1 2 2 1 1
878 2 2 1 2 2 1 2 2 1 2
879 2 2 1 2 2 1 2 2 2 1
880 2 2 1 2 2 1 2 2 2 2
881 2 2 1 2 2 2 1 1 1 1
882 2 2 1 2 2 2 1 1 1 2
883 2 2 1 2 2 2 1 1 2 1
884 2 2 1 2 2 2 1 1 2 2
885 2 2 1 2 2 2 1 2 1 1
886 2 2 1 2 2 2 1 2 1 2
887 2 2 1 2 2 2 1 2 2 1
888 2 2 1 2 2 2 1 2 2 2
889 2 2 1 2 2 2 2 1 1 1
890 2 2 1 2 2 2 2 1 1 2
891 2 2 1 2 2 2 2 1 2 1
892 2 2 1 2 2 2 2 1 2 2
893 2 2 1 2 2 2 2 2 1 1
894 2 2 1 2 2 2 2 2 1 2
895 2 2 1 2 2 2 2 2 2 1
896 2 2 1 2 2 2 2 2 2 2
897 2 2 2 1 1 1 1 1 1 1
898 2 2 2 1 1 1 1 1 1 2
899 2 2 2 1 1 1 1 1 2 1
900 2 2 2 1 1 1 1 1 2 2
901 2 2 2 1 1 1 1 2 1 1
902 2 2 2 1 1 1 1 2 1 2
903 2 2 2 1 1 1 1 2 2 1
904 2 2 2 1 1 1 1 2 2 2
905 2 2 2 1 1 1 2 1 1 1
906 2 2 2 1 1 1 2 1 1 2
907 2 2 2 1 1 1 2 1 2 1
908 2 2 2 1 1 1 2 1 2 2
909 2 2 2 1 1 1 2 2 1 1
910 2 2 2 1 1 1 2 2 1 2
911 2 2 2 1 1 1 2 2 2 1
912 2 2 2 1 1 1 2 2 2 2
913 2 2 2 1 1 2 1 1 1 1
914 2 2 2 1 1 2 1 1 1 2
915 2 2 2 1 1 2 1 1 2 1
916 2 2 2 1 1 2 1 1 2 2
917 2 2 2 1 1 2 1 2 1 1
918 2 2 2 1 1 2 1 2 1 2
919 2 2 2 1 1 2 1 2 2 1
920 2 2 2 1 1 2 1 2 2 2
921 2 2 2 1 1 2 2 1 1 1
922 2 2 2 1 1 2 2 1 1 2
923 2 2 2 1 1 2 2 1 2 1
924 2 2 2 1 1 2 2 1 2 2
925 2 2 2 1 1 2 2 2 1 1
926 2 2 2 1 1 2 2 2 1 2
927 2 2 2 1 1 2 2 2 2 1
928 2 2 2 1 1 2 2 2 2 2
929 2 2 2 1 2 1 1 1 1 1
930 2 2 2 1 2 1 1 1 1 2
931 2 2 2 1 2 1 1 1 2 1
932 2 2 2 1 2 1 1 1 2 2
933 2 2 2 1 2 1 1 2 1 1
934 2 2 2 1 2 1 1 2 1 2
935 2 2 2 1 2 1 1 2 2 1
936 2 2 2 1 2 1 1 2 2 2
937 2 2 2 1 2 1 2 1 1 1
938 2 2 2 1 2 1 2 1 1 2
939 2 2 2 1 2 1 2 1 2 1
940 2 2 2 1 2 1 2 1 2 2
941 2 2 2 1 2 1 2 2 1 1
942 2 2 2 1 2 1 2 2 1 2
943 2 2 2 1 2 1 2 2 2 1
944 2 2 2 1 2 1 2 2 2 2
945 2 2 2 1 2 2 1 1 1 1
946 2 2 2 1 2 2 1 1 1 2
947 2 2 2 1 2 2 1 1 2 1
948 2 2 2 1 2 2 1 1 2 2
949 2 2 2 1 2 2 1 2 1 1
950 2 2 2 1 2 2 1 2 1 2
951 2 2 2 1 2 2 1 2 2 1
952 2 2 2 1 2 2 1 2 2 2
953 2 2 2 1 2 2 2 1 1 1
954 2 2 2 1 2 2 2 1 1 2
955 2 2 2 1 2 2 2 1 2 1
956 2 2 2 1 2 2 2 1 2 2
957 2 2 2 1 2 2 2 2 1 1
958 2 2 2 1 2 2 2 2 1 2
959 2 2 2 1 2 2 2 2 2 1
960 2 2 2 1 2 2 2 2 2 2
961 2 2 2 2 1 1 1 1 1 1
962 2 2 2 2 1 1 1 1 1 2
963 2 2 2 2 1 1 1 1 2 1
964 2 2 2 2 1 1 1 1 2 2
965 2 2 2 2 1 1 1 2 1 1
966 2 2 2 2 1 1 1 2 1 2
967 2 2 2 2 1 1 1 2 2 1
968 2 2 2 2 1 1 1 2 2 2
969 2 2 2 2 1 1 2 1 1 1
970 2 2 2 2 1 1 2 1 1 2
971 2 2 2 2 1 1 2 1 2 1
972 2 2 2 2 1 1 2 1 2 2
973 2 2 2 2 1 1 2 2 1 1
974 2 2 2 2 1 1 2 2 1 2
975 2 2 2 2 1 1 2 2 2 1
976 2 2 2 2 1 1 2 2 2 2
977 2 2 2 2 1 2 1 1 1 1
978 2 2 2 2 1 2 1 1 1 2
979 2 2 2 2 1 2 1 1 2 1
980 2 2 2 2 1 2 1 1 2 2
981 2 2 2 2 1 2 1 2 1 1
982 2 2 2 2 1 2 1 2 1 2
983 2 2 2 2 1 2 1 2 2 1
984 2 2 2 2 1 2 1 2 2 2
985 2 2 2 2 1 2 2 1 1 1
986 2 2 2 2 1 2 2 1 1 2
987 2 2 2 2 1 2 2 1 2 1
988 2 2 2 2 1 2 2 1 2 2
989 2 2 2 2 1 2 2 2 1 1
990 2 2 2 2 1 2 2 2 1 2
991 2 2 2 2 1 2 2 2 2 1
992 2 2 2 2 1 2 2 2 2 2
993 2 2 2 2 2 1 1 1 1 1
994 2 2 2 2 2 1 1 1 1 2
995 2 2 2 2 2 1 1 1 2 1
996 2 2 2 2 2 1 1 1 2 2
997 2 2 2 2 2 1 1 2 1 1
998 2 2 2 2 2 1 1 2 1 2
999 2 2 2 2 2 1 1 2 2 1
1000 2 2 2 2 2 1 1 2 2 2
1001 2 2 2 2 2 1 2 1 1 1
1002 2 2 2 2 2 1 2 1 1 2
1003 2 2 2 2 2 1 2 1 2 1
1004 2 2 2 2 2 1 2 1 2 2
1005 2 2 2 2 2 1 2 2 1 1
1006 2 2 2 2 2 1 2 2 1 2
1007 2 2 2 2 2 1 2 2 2 1
1008 2 2 2 2 2 1 2 2 2 2
1009 2 2 2 2 2 2 1 1 1 1
1010 2 2 2 2 2 2 1 1 1 2
1011 2 2 2 2 2 2 1 1 2 1
1012 2 2 2 2 2 2 1 1 2 2
1013 2 2 2 2 2 2 1 2 1 1
1014 2 2 2 2 2 2 1 2 1 2
1015 2 2 2 2 2 2 1 2 2 1
1016 2 2 2 2 2 2 1 2 2 2
1017 2 2 2 2 2 2 2 1 1 1
1018 2 2 2 2 2 2 2 1 1 2
1019 2 2 2 2 2 2 2 1 2 1
1020 2 2 2 2 2 2 2 1 2 2
1021 2 2 2 2 2 2 2 2 1 1
1022 2 2 2 2 2 2 2 2 1 2
1023 2 2 2 2 2 2 2 2 2 1
1024 2 2 2 2 2 2 2 2 2 2
1025 1 1 1 1 1 1 1 1 1 1
1026 1 1 1 1 1 1 1 1 1 1
1027 1 1 1 1 1 1 1 1 1 1
1028 1 1 1 1 1 1 1 1 1 1
1029 1 1 1 1 1 1 1 1 1 1
1030 1 1 1 1 1 1 1 1 1 1
1031 1 1 1 1 1 1 1 1 1 1
1032 1 1 1 1 1 1 1 1 1 1
1033 1 1 1 1 1 1 1 1 1 1
1034 1 1 1 1 1 1 1 1 1 1
1035 1 1 1 1 1 1 1 1 1 1
1036 1 1 1 1 1 1 1 1 1 1
1037 1 1 1 1 1 1 1 1 1 1
1038 1 1 1 1 1 1 1 1 1 1
1039 1 1 1 1 1 1 1 1 1 1
1040 1 1 1 1 1 1 1 1 1 1
1041 1 1 1 1 1 1 1 1 1 1
1042 1 1 1 1 1 1 1 1 1 1
1043 1 1 1 1 1 1 1 1 1 1
1044 1 1 1 1 1 1 1 1 1 1
1045 1 1 1 1 1 1 1 1 1 1
1046 1 1 1 1 1 1 1 1 1 1
1047 1 1 1 1 1 1 1 1 1 1
1048 1 1 1 1 1 1 1 1 1 1
1049 1 1 1 1 1 1 1 1 1 1
1050 1 1 1 1 1 1 1 1 1 1
1051 1 1 1 1 1 1 1 1 1 1
1052 1 1 1 1 1 1 1 1 1 1
1053 1 1 1 1 1 1 1 1 1 1
1054 1 1 1 1 1 1 1 1 1 1
1055 1 1 1 1 1 1 1 1 1 1
1056 1 1 1 1 1 1 1 1 1 1
1057 1 1 1 1 1 1 1 1 1 1
1058 1 1 1 1 1 1 1 1 1 1
1059 1 1 1 1 1 1 1 1 1 1
1060 1 1 1 1 1 1 1 1 1 1
1061 1 1 1 1 1 1 1 1 1 1
1062 1 1 1 1 1 1 1 1 1 1
1063 1 1 1 1 1 1 1 1 1 1
1064 1 1 1 1 1 1 1 1 1 1
1065 1 1 1 1 1 1 1 1 1 1
1066 1 1 1 1 1 1 1 1 1 1
1067 1 1 1 1 1 1 1 1 1 1
1068 1 1 1 1 1 1 1 1 1 1
1069 1 1 1 1 1 1 1 1 1 1
1070 1 1 1 1 1 1 1 1 1 1
1071 1 1 1 1 1 1 1 1 1 1
1072 1 1 1 1 1 1 1 1 1 1
1073 1 1 1 1 1 1 1 1 1 1
1074 1 1 1 1 1 1 1 1 1 1
1075 1 1 1 1 1 1 1 1 1 1
1076 1 1 1 1 1 1 1 1 1 1
1077 1 1 1 1 1 1 1 1 1 1
1078 1 1 1 1 1 1 1 1 1 1
1079 1 1 1 1 1 1 1 1 1 1
1080 1 1 1 1 1 1 1 1 1 1
1081 1 1 1 1 1 1 1 1 1 1
1082 1 1 1 1 1 1 1 1 1 1
1083 1 1 1 1 1 1 1 1 1 1
1084 1 1 1 1 1 1 1 1 1 1
1085 1 1 1 1 1 1 1 1 1 1
1086 1 1 1 1 1 1 1 1 1 1
1087 1 1 1 1 1 1 1 1 1 1
1088 1 1 1 1 1 1 1 1 1 1
1089 1 1 1 1 1 1 1 1 1 1
1090 1 1 1 1 1 1 1 1 1 1
1091 1 1 1 1 1 1 1 1 1 1
1092 1 1 1 1 1 1 1 1 1 1
1093 1 1 1 1 1 1 1 1 1 1
1094 1 1 1 1 1 1 1 1 1 1
1095 1 1 1 1 1 1 1 1 1 1
1096 1 1 1 1 1 1 1 1 1 1
1097 1 1 1 1 1 1 1 1 1 1
1098 1 1 1 1 1 1 1 1 1 1
1099 1 1 1 1 1 1 1 1 1 1
1100 1 1 1 1 1 1 1 1 1 1
1101 1 1 1 1 1 1 1 1 1 1
1102 1 1 1 1 1 1 1 1 1 1
1103 1 1 1 1 1 1 1 1 1 1
1104 1 1 1 1 1 1 1 1 1 1
1105 1 1 1 1 1 1 1 1 1 1
1106 1 1 1 1 1 1 1 1 1 1
1107 1 1 1 1 1 1 1 1 1 1
1108 1 1 1 1 1 1 1 1 1 1
1109 1 1 1 1 1 1 1 1 1 1
1110 1 1 1 1 1 1 1 1 1 1
1111 1 1 1 1 1 1 1 1 1 1
1112 1 1 1 1 1 1 1 1 1 1
1113 1 1 1 1 1 1 1 1 1 1
1114 1 1 1 1 1 1 1 1 1 1
1115 1 1 1 1 1 1 1 1 1 1
1116 1 1 1 1 1 1 1 1 1 1
1117 1 1 1 1 1 1 1 1 1 1
1118 1 1 1 1 1 1 1 1 1 1
1119 1 1 1 1 1 1 1 1 1 1
1120 1 1 1 1 1 1 1 1 1 1
1121 1 1 1 1 1 1 1 1 1 1
1122 1 1 1 1 1 1 1 1 1 1
1123 1 1 1 1 1 1 1 1 1 1
1124 1 1 1 1 1 1 1 1 1 1
1125 1 1 1 1 1 1 1 1 1 1
1126 1 1 1 1 1 1 1 1 1 1
1127 1 1 1 1 1 1 1 1 1 1
1128 1 1 1 1 1 1 1 1 1 1
1129 1 1 1 1 1 1 1 1 1 1
1130 1 1 1 1 1 1 1 1 1 1
1131 1 1 1 1 1 1 1 1 1 1
1132 1 1 1 1 1 1 1 1 1 1
1133 1 1 1 1 1 1 1 1 1 1
1134 1 1 1 1 1 1 1 1 1 1
1135 1 1 1 1 1 1 1 1 1 1
1136 1 1 1 1 1 1 1 1 1 1
1137 1 1 1 1 1 1 1 1 1 1
1138 1 1 1 1 1 1 1 1 1 1
1139 1 1 1 1 1 1 1 1 1 1
1140 1 1 1 1 1 1 1 1 1 1
1141 1 1 1 1 1 1 1 1 1 1
1142 1 1 1 1 1 1 1 1 1 1
1143 1 1 1 1 1 1 1 1 1 1
1144 1 1 1 1 1 1 1 1 1 1
1145 1 1 1 1 1 1 1 1 1 1
1146 1 1 1 1 1 1 1 1 1 1
1147 1 1 1 1 1 1 1 1 1 1
1148 1 1 1 1 1 1 1 1 1 1
1149 1 1 1 1 1 1 1 1 1 1
1150 1 1 1 1 1 1 1 1 1 1
1151 1 1 1 1 1 1 1 1 1 1
1152 1 1 1 1 1 1 1 1 1 1
1153 1 1 1 1 1 1 1 1 1 1
1154 1 1 1 1 1 1 1 1 1 1
1155 1 1 1 1 1 1 1 1 1 1
1156 1 1 1 1 1 1 1 1 1 1
1157 1 1 1 1 1 1 1 1 1 1
1158 1 1 1 1 1 1 1 1 1 1
1159 1 1 1 1 1 1 1 1 1 1
1160 1 1 1 1 1 1 1 1 1 1
1161 1 1 1 1 1 1 1 1 1 1
1162 1 1 1 1 1 1 1 1 1 1
1163 1 1 1 1 1 1 1 1 1 1
1164 1 1 1 1 1 1 1 1 1 1
1165 1 1 1 1 1 1 1 1 1 1
1166 1 1 1 1 1 1 1 1 1 1
1167 1 1 1 1 1 1 1 1 1 1
1168 1 1 1 1 1 1 1 1 1 1
1169 1 1 1 1 1 1 1 1 1 1
1170 1 1 1 1 1 1 1 1 1 1
1171 1 1 1 1 1 1 1 1 1 1
1172 1 1 1 1 1 1 1 1 1 1
1173 1 1 1 1 1 1 1 1 1 1
1174 1 1 1 1 1 1 1 1 1 1
1175 1 1 1 1 1 1 1 1 1 1
1176 1 1 1 1 1 1 1 1 1 1
1177 1 1 1 1 1 1 1 1 1 1
1178 1 1 1 1 1 1 1 1 1 1
1179 1 1 1 1 1 1 1 1 1 1
1180 1 1 1 1 1 1 1 1 1 1
1181 1 1 1 1 1 1 1 1 1 1
1182 1 1 1 1 1 1 1 1 1 1
1183 1 1 1 1 1 1 1 1 1 1
1184 1 1 1 1 1 1 1 1 1 1
1185 1 1 1 1 1 1 1 1 1 1
1186 1 1 1 1 1 1 1 1 1 1
1187 1 1 1 1 1 1 1 1 1 1
1188 1 1 1 1 1 1 1 1 1 1
1189 1 1 1 1 1 1 1 1 1 1
1190 1 1 1 1 1 1 1 1 1 1
1191 1 1 1 1 1 1 1 1 1 1
1192 1 1 1 1 1 1 1 1 1 1
1193 1 1 1 1 1 1 1 1 1 1
1194 1 1 1 1 1 1 1 1 1 1
1195 1 1 1 1 1 1 1 1 1 1
1196 1 1 1 1 1 1 1 1 1 1
1197 1 1 1 1 1 1 1 1 1 1
1198 1 1 1 1 1 1 1 1 1 1
1199 1 1 1 1 1 1 1 1 1 1
1200 1 1 1 1 1 1 1 1 1 1
1201 1 1 1 1 1 1 1 1 1 1
1202 1 1 1 1 1 1 1 1 1 1
1203 1 1 1 1 1 1 1 1 1 1
1204 1 1 1 1 1 1 1 1 1 1
1205 1 1 1 1 1 1 1 1 1 1
1206 1 1 1 1 1 1 1 1 1 1
1207 1 1 1 1 1 1 1 1 1 1
1208 1 1 1 1 1 1 1 1 1 1
1209 1 1 1 1 1 1 1 1 1 1
1210 1 1 1 1 1 1 1 1 1 1
1211 1 1 1 1 1 1 1 1 1 1
1212 1 1 1 1 1 1 1 1 1 1
1213 1 1 1 1 1 1 1 1 1 1
1214 1 1 1 1 1 1 1 1 1 1
1215 1 1 1 1 1 1 1 1 1 1
1216 1 1 1 1 1 1 1 1 1 1
1217 1 1 1 1 1 1 1 1 1 1
1218 1 1 1 1 1 1 1 1 1 1
1219 1 1 1 1 1 1 1 1 1 1
1220 1 1 1 1 1 1 1 1 1 1
1221 1 1 1 1 1 1 1 1 1 1
1222 1 1 1 1 1 1 1 1 1 1
1223 1 1 1 1 1 1 1 1 1 1
1224 1 1 1 1 1 1 1 1 1 1
1225 1 1 1 1 1 1 1 1 1 1
1226 1 1 1 1 1 1 1 1 1 1
1227 1 1 1 1 1 1 1 1 1 1
1228 1 1 1 1 1 1 1 1 1 1
1229 1 1 1 1 1 1 1 1 1 1
1230 1 1 1 1 1 1 1 1 1 1
1231 1 1 1 1 1 1 1 1 1 1
1232 1 1 1 1 1 1 1 1 1 1
1233 1 1 1 1 1 1 1 1 1 1
1234 1 1 1 1 1 1 1 1 1 1
1235 1 1 1 1 1 1 1 1 1 1
1236 1 1 1 1 1 1 1 1 1 1
1237 1 1 1 1 1 1 1 1 1 1
1238 1 1 1 1 1 1 1 1 1 1
1239 1 1 1 1 1 1 1 1 1 1
1240 1 1 1 1 1 1 1 1 1 1
1241 1 1 1 1 1 1 1 1 1 1
1242 1 1 1 1 1 1 1 1 1 1
1243 1 1 1 1 1 1 1 1 1 1
1244 1 1 1 1 1 1 1 1 1 1
1245 1 1 1 1 1 1 1 1 1 1
1246 1 1 1 1 1 1 1 1 1 1
1247 1 1 1 1 1 1 1 1 1 1
1248 1 1 1 1 1 1 1 1 1 1
1249 1 1 1 1 1 1 1 1 1 1
1250 1 1 1 1 1 1 1 1 1 1
1251 1 1 1 1 1 1 1 1 1 1
1252 1 1 1 1 1 1 1 1 1 1
1253 1 1 1 1 1 1 1 1 1 1
1254 1 1 1 1 1 1 1 1 1 1
1255 1 1 1 1 1 1 1 1 1 1
1256 1 1 1 1 1 1 1 1 1 1
1257 1 1 1 1 1 1 1 1 1 1
1258 1 1 1 1 1 1 1 1 1 1
1259 1 1 1 1 1 1 1 1 1 1
1260 1 1 1 1 1 1 1 1 1 1
1261 1 1 1 1 1 1 1 1 1 1
1262 1 1 1 1 1 1 1 1 1 1
1263 1 1 1 1 1 1 1 1 1 1
1264 1 1 1 1 1 1 1 1 1 1
1265 1 1 1 1 1 1 1 1 1 1
1266 1 1 1 1 1 1 1 1 1 1
1267 1 1 1 1 1 1 1 1 1 1
1268 1 1 1 1 1 1 1 1 1 1
1269 1 1 1 1 1 1 1 1 1 1
1270 1 1 1 1 1 1 1 1 1 1
1271 1 1 1 1 1 1 1 1 1 1
1272 1 1 1 1 1 1 1 1 1 1
1273 1 1 1 1 1 1 1 1 1 1
1274 1 1 1 1 1 1 1 1 1 1
1275 1 1 1 1 1 1 1 1 1 1
1276 1 1 1 1 1 1 1 1 1 1
1277 1 1 1 1 1 1 1 1 1 1
1278 1 1 1 1 1 1 1 1 1 1
1279 1 1 1 1 1 1 1 1 1 1
1280 1 1 1 1 1 1 1 1 1 1
1281 2 2 2 2 2 2 2 2 2 2
1282 2 2 2 2 2 2 2 2 2 2
1283 2 2 2 2 2 2 2 2 2 2
1284 2 2 2 2 2 2 2 2 2 2
1285 2 2 2 2 2 2 2 2 2 2
1286 2 2 2 2 2 2 2 2 2 2
1287 2 2 2 2 2 2 2 2 2 2
1288 2 2 2 2 2 2 2 2 2 2
1289 2 2 2 2 2 2 2 2 2 2
1290 2 2 2 2 2 2 2 2 2 2
1291 2 2 2 2 2 2 2 2 2 2
1292 2 2 2 2 2 2 2 2 2 2
1293 2 2 2 2 2 2 2 2 2 2
1294 2 2 2 2 2 2 2 2 2 2
1295 2 2 2 2 2 2 2 2 2 2
1296 2 2 2 2 2 2 2 2 2 2
1297 2 2 2 2 2 2 2 2 2 2
1298 2 2 2 2 2 2 2 2 2 2
1299 2 2 2 2 2 2 2 2 2 2
1300 2 2 2 2 2 2 2 2 2 2
1301 2 2 2 2 2 2 2 2 2 2
1302 2 2 2 2 2 2 2 2 2 2
1303 2 2 2 2 2 2 2 2 2 2
1304 2 2 2 2 2 2 2 2 2 2
1305 2 2 2 2 2 2 2 2 2 2
1306 2 2 2 2 2 2 2 2 2 2
1307 2 2 2 2 2 2 2 2 2 2
1308 2 2 2 2 2 2 2 2 2 2
1309 2 2 2 2 2 2 2 2 2 2
1310 2 2 2 2 2 2 2 2 2 2
1311 2 2 2 2 2 2 2 2 2 2
1312 2 2 2 2 2 2 2 2 2 2
1313 2 2 2 2 2 2 2 2 2 2
1314 2 2 2 2 2 2 2 2 2 2
1315 2 2 2 2 2 2 2 2 2 2
1316 2 2 2 2 2 2 2 2 2 2
1317 2 2 2 2 2 2 2 2 2 2
1318 2 2 2 2 2 2 2 2 2 2
1319 2 2 2 2 2 2 2 2 2 2
1320 2 2 2 2 2 2 2 2 2 2
1321 2 2 2 2 2 2 2 2 2 2
1322 2 2 2 2 2 2 2 2 2 2
1323 2 2 2 2 2 2 2 2 2 2
1324 2 2 2 2 2 2 2 2 2 2
1325 2 2 2 2 2 2 2 2 2 2
1326 2 2 2 2 2 2 2 2 2 2
1327 2 2 2 2 2 2 2 2 2 2
1328 2 2 2 2 2 2 2 2 2 2
1329 2 2 2 2 2 2 2 2 2 2
1330 2 2 2 2 2 2 2 2 2 2
1331 2 2 2 2 2 2 2 2 2 2
1332 2 2 2 2 2 2 2 2 2 2
1333 2 2 2 2 2 2 2 2 2 2
1334 2 2 2 2 2 2 2 2 2 2
1335 2 2 2 2 2 2 2 2 2 2
1336 2 2 2 2 2 2 2 2 2 2
1337 2 2 2 2 2 2 2 2 2 2
1338 2 2 2 2 2 2 2 2 2 2
1339 2 2 2 2 2 2 2 2 2 2
1340 2 2 2 2 2 2 2 2 2 2
1341 2 2 2 2 2 2 2 2 2 2
1342 2 2 2 2 2 2 2 2 2 2
1343 2 2 2 2 2 2 2 2 2 2
1344 2 2 2 2 2 2 2 2 2 2
1345 2 2 2 2 2 2 2 2 2 2
1346 2 2 2 2 2 2 2 2 2 2
1347 2 2 2 2 2 2 2 2 2 2
1348 2 2 2 2 2 2 2 2 2 2
1349 2 2 2 2 2 2 2 2 2 2
1350 2 2 2 2 2 2 2 2 2 2
1351 2 2 2 2 2 2 2 2 2 2
1352 2 2 2 2 2 2 2 2 2 2
1353 2 2 2 2 2 2 2 2 2 2
1354 2 2 2 2 2 2 2 2 2 2
1355 2 2 2 2 2 2 2 2 2 2
1356 2 2 2 2 2 2 2 2 2 2
1357 2 2 2 2 2 2 2 2 2 2
1358 2 2 2 2 2 2 2 2 2 2
1359 2 2 2 2 2 2 2 2 2 2
1360 2 2 2 2 2 2 2 2 2 2
1361 2 2 2 2 2 2 2 2 2 2
1362 2 2 2 2 2 2 2 2 2 2
1363 2 2 2 2 2 2 2 2 2 2
1364 2 2 2 2 2 2 2 2 2 2
1365 2 2 2 2 2 2 2 2 2 2
1366 2 2 2 2 2 2 2 2 2 2
1367 2 2 2 2 2 2 2 2 2 2
1368 2 2 2 2 2 2 2 2 2 2
1369 2 2 2 2 2 2 2 2 2 2
1370 2 2 2 2 2 2 2 2 2 2
1371 2 2 2 2 2 2 2 2 2 2
1372 2 2 2 2 2 2 2 2 2 2
1373 2 2 2 2 2 2 2 2 2 2
1374 2 2 2 2 2 2 2 2 2 2
1375 2 2 2 2 2 2 2 2 2 2
1376 2 2 2 2 2 2 2 2 2 2
1377 2 2 2 2 2 2 2 2 2 2
1378 2 2 2 2 2 2 2 2 2 2
1379 2 2 2 2 2 2 2 2 2 2
1380 2 2 2 2 2 2 2 2 2 2
1381 2 2 2 2 2 2 2 2 2 2
1382 2 2 2 2 2 2 2 2 2 2
1383 2 2 2 2 2 2 2 2 2 2
1384 2 2 2 2 2 2 2 2 2 2
1385 2 2 2 2 2 2 2 2 2 2
1386 2 2 2 2 2 2 2 2 2 2
1387 2 2 2 2 2 2 2 2 2 2
1388 2 2 2 2 2 2 2 2 2 2
1389 2 2 2 2 2 2 2 2 2 2
1390 2 2 2 2 2 2 2 2 2 2
1391 2 2 2 2 2 2 2 2 2 2
1392 2 2 2 2 2 2 2 2 2 2
1393 2 2 2 2 2 2 2 2 2 2
1394 2 2 2 2 2 2 2 2 2 2
1395 2 2 2 2 2 2 2 2 2 2
1396 2 2 2 2 2 2 2 2 2 2
1397 2 2 2 2 2 2 2 2 2 2
1398 2 2 2 2 2 2 2 2 2 2
1399 2 2 2 2 2 2 2 2 2 2
1400 2 2 2 2 2 2 2 2 2 2
1401 2 2 2 2 2 2 2 2 2 2
1402 2 2 2 2 2 2 2 2 2 2
1403 2 2 2 2 2 2 2 2 2 2
1404 2 2 2 2 2 2 2 2 2 2
1405 2 2 2 2 2 2 2 2 2 2
1406 2 2 2 2 2 2 2 2 2 2
1407 2 2 2 2 2 2 2 2 2 2
1408 2 2 2 2 2 2 2 2 2 2
1409 2 2 2 2 2 2 2 2 2 2
1410 2 2 2 2 2 2 2 2 2 2
1411 2 2 2 2 2 2 2 2 2 2
1412 2 2 2 2 2 2 2 2 2 2
1413 2 2 2 2 2 2 2 2 2 2
1414 2 2 2 2 2 2 2 2 2 2
1415 2 2 2 2 2 2 2 2 2 2
1416 2 2 2 2 2 2 2 2 2 2
1417 2 2 2 2 2 2 2 2 2 2
1418 2 2 2 2 2 2 2 2 2 2
1419 2 2 2 2 2 2 2 2 2 2
1420 2 2 2 2 2 2 2 2 2 2
1421 2 2 2 2 2 2 2 2 2 2
1422 2 2 2 2 2 2 2 2 2 2
1423 2 2 2 2 2 2 2 2 2 2
1424 2 2 2 2 2 2 2 2 2 2
1425 2 2 2 2 2 2 2 2 2 2
1426 2 2 2 2 2 2 2 2 2 2
1427 2 2 2 2 2 2 2 2 2 2
1428 2 2 2 2 2 2 2 2 2 2
1429 2 2 2 2 2 2 2 2 2 2
1430 2 2 2 2 2 2 2 2 2 2
1431 2 2 2 2 2 2 2 2 2 2
1432 2 2 2 2 2 2 2 2 2 2
1433 2 2 2 2 2 2 2 2 2 2
1434 2 2 2 2 2 2 2 2 2 2
1435 2 2 2 2 2 2 2 2 2 2
1436 2 2 2 2 2 2 2 2 2 2
1437 2 2 2 2 2 2 2 2 2 2
1438 2 2 2 2 2 2 2 2 2 2
1439 2 2 2 2 2 2 2 2 2 2
1440 2 2 2 2 2 2 2 2 2 2
1441 2 2 2 2 2 2 2 2 2 2
1442 2 2 2 2 2 2 2 2 2 2
1443 2 2 2 2 2 2 2 2 2 2
1444 2 2 2 2 2 2 2 2 2 2
1445 2 2 2 2 2 2 2 2 2 2
1446 2 2 2 2 2 2 2 2 2 2
1447 2 2 2 2 2 2 2 2 2 2
1448 2 2 2 2 2 2 2 2 2 2
1449 2 2 2 2 2 2 2 2 2 2
1450 2 2 2 2 2 2 2 2 2 2
1451 2 2 2 2 2 2 2 2 2 2
1452 2 2 2 2 2 2 2 2 2 2
1453 2 2 2 2 2 2 2 2 2 2
1454 2 2 2 2 2 2 2 2 2 2
1455 2 2 2 2 2 2 2 2 2 2
1456 2 2 2 2 2 2 2 2 2 2
1457 2 2 2 2 2 2 2 2 2 2
1458 2 2 2 2 2 2 2 2 2 2
1459 2 2 2 2 2 2 2 2 2 2
1460 2 2 2 2 2 2 2 2 2 2
1461 2 2 2 2 2 2 2 2 2 2
1462 2 2 2 2 2 2 2 2 2 2
1463 2 2 2 2 2 2 2 2 2 2
1464 2 2 2 2 2 2 2 2 2 2
1465 2 2 2 2 2 2 2 2 2 2
1466 2 2 2 2 2 2 2 2 2 2
1467 2 2 2 2 2 2 2 2 2 2
1468 2 2 2 2 2 2 2 2 2 2
1469 2 2 2 2 2 2 2 2 2 2
1470 2 2 2 2 2 2 2 2 2 2
1471 2 2 2 2 2 2 2 2 2 2
1472 2 2 2 2 2 2 2 2 2 2
1473 2 2 2 2 2 2 2 2 2 2
1474 2 2 2 2 2 2 2 2 2 2
1475 2 2 2 2 2 2 2 2 2 2
1476 2 2 2 2 2 2 2 2 2 2
1477 2 2 2 2 2 2 2 2 2 2
1478 2 2 2 2 2 2 2 2 2 2
1479 2 2 2 2 2 2 2 2 2 2
1480 2 2 2 2 2 2 2 2 2 2
1481 2 2 2 2 2 2 2 2 2 2
1482 2 2 2 2 2 2 2 2 2 2
1483 2 2 2 2 2 2 2 2 2 2
1484 2 2 2 2 2 2 2 2 2 2
1485 2 2 2 2 2 2 2 2 2 2
1486 2 2 2 2 2 2 2 2 2 2
1487 2 2 2 2 2 2 2 2 2 2
1488 2 2 2 2 2 2 2 2 2 2
1489 2 2 2 2 2 2 2 2 2 2
1490 2 2 2 2 2 2 2 2 2 2
1491 2 2 2 2 2 2 2 2 2 2
1492 2 2 2 2 2 2 2 2 2 2
1493 2 2 2 2 2 2 2 2 2 2
1494 2 2 2 2 2 2 2 2 2 2
1495 2 2 2 2 2 2 2 2 2 2
1496 2 2 2 2 2 2 2 2 2 2
1497 2 2 2 2 2 2 2 2 2 2
1498 2 2 2 2 2 2 2 2 2 2
1499 2 2 2 2 2 2 2 2 2 2
1500 2 2 2 2 2 2 2 2 2 2
1501 2 2 2 2 2 2 2 2 2 2
1502 2 2 2 2 2 2 2 2 2 2
1503 2 2 2 2 2 2 2 2 2 2
1504 2 2 2 2 2 2 2 2 2 2
1505 2 2 2 2 2 2 2 2 2 2
1506 2 2 2 2 2 2 2 2 2 2
1507 2 2 2 2 2 2 2 2 2 2
1508 2 2 2 2 2 2 2 2 2 2
1509 2 2 2 2 2 2 2 2 2 2
1510 2 2 2 2 2 2 2 2 2 2
1511 2 2 2 2 2 2 2 2 2 2
1512 2 2 2 2 2 2 2 2 2 2
1513 2 2 2 2 2 2 2 2 2 2
1514 2 2 2 2 2 2 2 2 2 2
1515 2 2 2 2 2 2 2 2 2 2
1516 2 2 2 2 2 2 2 2 2 2
1517 2 2 2 2 2 2 2 2 2 2
1518 2 2 2 2 2 2 2 2 2 2
1519 2 2 2 2 2 2 2 2 2 2
1520 2 2 2 2 2 2 2 2 2 2
1521 2 2 2 2 2 2 2 2 2 2
1522 2 2 2 2 2 2 2 2 2 2
1523 2 2 2 2 2 2 2 2 2 2
1524 2 2 2 2 2 2 2 2 2 2
1525 2 2 2 2 2 2 2 2 2 2
1526 2 2 2 2 2 2 2 2 2 2
1527 2 2 2 2 2 2 2 2 2 2
1528 2 2 2 2 2 2 2 2 2 2
1529 2 2 2 2 2 2 2 2 2 2
1530 2 2 2 2 2 2 2 2 2 2
1531 2 2 2 2 2 2 2 2 2 2
1532 2 2 2 2 2 2 2 2 2 2
1533 2 2 2 2 2 2 2 2 2 2
1534 2 2 2 2 2 2 2 2 2 2
1535 2 2 2 2 2 2 2 2 2 2
1536 2 2 2 2 2 2 2 2 2 2
